%error H = 30/abc
% 60.74354664
%  parameters
  0.03269403
  0.15621324
 -0.10431320
  0.06398163
  0.21601687
 -0.07822035
  0.29294550
  0.15787032
 -0.08985511
  0.44700762
  0.21724866
  0.23682033
  0.04622185
 -0.12593622
 -0.44329962
  0.07067662
 -0.31484311
 -0.02023230
 -0.12548812
  0.19055793
  0.26712159
  0.29548543
  0.02651177
 -0.15822944
 -0.29165664
  0.33014075
  0.07711930
 -0.34451160
  0.21252779
  0.06037375
  0.52950116
  0.39700673
  0.68451669
  0.74747859
  0.23372445
  0.53391716
  0.17904532
  0.89937059
  0.42022734
  0.17730286
  0.20160238
  0.92378971
  0.68544440
  0.69620626
  0.51539888
  0.77395713
  0.49096141
  0.44310594
  0.81754324
  0.29397325
  0.19549321
  0.19640912
  0.85024543
  0.68729689
  0.82332367
  0.18625125
  0.63283785
  0.02667081
  0.90152744
  0.43834024
  0.53146163
  0.76936835
  0.35566303
  0.61981684
  0.32139323
  0.33442268
  0.62910190
  0.41648803
  0.13022975
  0.17963821
  0.96532564
  0.69946027
  0.65672648
  0.32903798
  0.05957648
  0.56892921
  0.05623250
  0.28484946
  0.16441343
  0.44978139
  0.75663186
  0.61184727
  0.28317797
  0.29655727
  0.12414108
  0.13374304
  0.72690939
  0.08992253
  0.92262264
  0.43884461
 -0.28794887
 -0.14982424
 -0.17018287
  0.75724185
  0.26796406
 -0.13182522
 -0.05205123
 -0.14264092
 -0.21013124
  0.21452141
 -0.15162942
 -0.24596049
  0.06626758
 -0.05002663
 -0.03084593
  0.28827520
  0.03904386
 -0.24781382
  0.05692183
  0.12924683
  0.11701348
  0.03045318
 -0.00620914
 -0.22312800
 -0.08591986
 -0.19256089
  0.47313136
 -0.15767428
 -0.07559597
  0.08314178
  0.21741993
  0.32621771
  0.85545174
 -0.02400317
 -0.02459938
  0.37340572
  0.79724143
  0.21006939
  0.89397208
  0.81990267
  0.35166671
  0.92969215
  0.03458798
  0.74278417
  0.58100682
  0.56685979
  0.47526118
  0.26151202
  0.04826405
  0.63487861
  0.75982596
  0.66438570
  0.42060872
  0.91668509
  0.58730764
  0.21880456
  0.54931037
  0.29955969
  0.73233127
  0.86753605
  0.24863971
  0.93064033
  0.68800365
  0.09456755
  0.23779579
  0.93445662
  0.45436816
  0.87949452
  0.77857454
 -0.01116503
  0.76984720
  0.68292526
  0.86487242
  0.56877046
  0.62267982
  0.13371742
  0.22342862
  0.02037197
  0.44052602
  0.32080569
  0.25714048
  0.48321875
  0.19443700
  0.93884805
  0.93968507
  0.58435069
  0.04178682
  0.90127333
  0.67464590
  0.01076259
  0.99930374
  0.31633530
  0.81109005
  0.46384618
  0.58895817
  0.48034672
  0.55435694
  0.17836506
  0.58979933
  0.15782273
  0.44830950
  0.54050814
  0.46433269
  0.83646195
  0.99890681
  0.97517147
  0.74887059
  0.20286758
  0.03925457
  0.19162257
  0.57940179
  0.63062297
  0.36700535
  0.63955660
  0.89419729
  0.25637445
  0.28834121
  0.12725545
  0.53034175
  0.82350301
  0.29945703
  0.78763370
  0.43689675
  0.55051378
  0.98600581
  0.68981720
  0.97003715
  0.09587606
  0.89804915
  0.05836766
  0.12303068
  0.63082536
  0.37003092
  0.31938318
  0.79573100
  0.30139141
  0.60765851
  0.46199059
  0.29258012
  0.83247533
  0.57045535
  0.07009627
  0.26620285
  0.17047566
  0.56047425
  0.20195566
  0.49233338
  0.72935020
  0.95490140
  0.76240827
  0.07974843
  0.93777994
  0.97330320
  0.60645825
  0.95662604
  0.33012483
  0.90038031
  0.00034596
  0.48243310
  0.14739640
  0.31456762
  0.17101211
  0.59228083
  0.65643273
  0.34776354
  0.05345571
  0.04695612
  0.05580973
  0.07150265
  0.01560590
  0.97283990
  0.73385556
  0.75185440
  0.03316841
  0.11718401
  0.26109587
  0.89293700
  0.97187770
  0.99330375
  0.34581854
  0.27271058
  0.16062005
  0.71088748
  0.69102905
  0.16855982
  0.41685942
  0.01657905
  0.62721264
  0.76201429
  0.83548339
  0.76201651
  0.40374143
  0.31920555
  0.03811986
  0.80112020
  0.07821672
 -0.01513928
  0.25879413
  0.92399020
  0.65554196
  0.36302080
  0.82678412
  0.64662837
  0.58199752
  0.41090532
  0.93476258
  0.80408226
 -0.01801978
  0.11940533
  0.45866058
  0.58229440
  0.29168204
  0.43237383
  0.39758018
  0.13533990
  0.95573497
  0.35975486
  0.84225932
  0.03001212
  0.42373756
  0.06307680
  0.30843789
  0.94882292
  0.85483630
  0.16808006
  0.53623051
  0.29485312
  0.90466216
  0.06934779
  0.79224254
  0.17039460
  0.72557900
  0.22076160
  0.19906234
  0.20623466
  0.98492665
  0.38359331
  0.63525856
  0.04440062
  0.22813355
  0.87942122
  0.46253903
  0.00693372
  0.47554314
  0.82662092
  0.87813760
  0.30154638
  0.24606148
  0.84142467
  0.45053365
  0.51491414
  0.18863142
  0.15654183
  0.90755491
  1.00415602
  0.39163905
  0.82685306
  0.95788281
  0.90610711
  0.85138341
  0.68843065
  0.18386473
  0.24188036
  0.44075183
  0.02466729
  0.28385541
  0.99268390
  0.31274554
  0.57329368
  0.6182624