error H = 20/abc
 60.68790426
  parameters
  0.10457221
  0.06836218
  0.18614925
  0.24566657
  0.04858634
  0.20603698
 -0.24498505
 -0.33467091
 -0.08432612
 -0.04297243
 -0.22323088
  0.32835803
  0.32602998
 -0.03600773
  0.00193369
  0.19368944
  0.28908250
 -0.19172521
 -0.16504992
  0.09241994
 -0.15810716
  0.15917990
  0.41816668
  0.26893802
  0.19515798
  0.20688322
 -0.47680951
  0.24462800
  0.07392016
 -0.30266664
  0.43420050
  0.08621579
  0.65591563
  0.70387714
  0.78721668
  0.66513610
  0.67079455
  0.70807623
  0.30444895
  0.26309152
  0.69597030
  0.80109432
  0.18798454
  0.03673541
  0.03280432
  0.16217046
  0.18729803
  0.61895932
 -0.04238993
  0.45682444
  0.66464632
  0.14279982
  0.18188047
  0.21963154
  0.17163171
  0.29957690
  0.72292951
  0.24506444
  0.74150367
  0.50971253
  0.56426593
  0.73240187
  0.77081003
  0.90033138
  0.06095143
  0.79544878
  0.17773960
 -0.08444134
  0.17389732
  0.17853103
  0.03732231
  0.93602568
  0.25467193
  0.94855397
  0.64134063
  0.86566224
  0.35388018
  0.25572366
  0.18644077
  0.55668799
  0.24677646
  0.30532349
 -0.02212371
  0.57714144
  0.95578809
  0.84565878
 -0.04511734
  0.62692605
  0.34070879
  0.15251174
  0.27799519
 -0.22845529
 -0.04509210
  0.03601799
 -0.12567084
 -0.14208604
 -0.19757709
 -0.10151478
  0.03417551
  0.15697466
 -0.00526582
 -0.05050953
 -0.16082497
 -0.09267409
  0.35268742
  0.13384605
  0.35962520
 -0.08909077
 -0.35887755
  0.09456065
 -0.10518992
  0.43627019
  0.06916873
 -0.13877562
 -0.04957349
 -0.34491298
  0.14580752
  0.37456368
 -0.15326547
  0.09815140
 -0.08064067
  0.20708813
  0.58359600
  0.48027173
  0.19028141
  0.21801593
  0.74108402
  0.60778462
  0.06587622
  0.67728457
  0.35616860
  0.46057058
  0.68190764
  0.39397091
 -0.09900776
  0.00346086
  0.58053813
  0.44476913
  0.88219092
  0.03030120
  0.36973770
  0.50626261
  0.04606996
  0.77559631
  0.62077793
  0.85590986
  0.61912876
 -0.08992836
  0.21198675
  0.01836945
  0.62509176
  0.04147841
  0.66834018
  0.47897836
  0.30183635
  0.51340954
  0.70151196
  0.81124939
  0.31258415
  0.27201432
  0.35416904
  0.66892253
  0.85972277
  0.76433016
  0.87603721
  0.86980303
  0.17775381
  0.85194867
  0.97322262
  0.76903691
  0.87642827
  0.09157022
  0.64536564
  0.26296018
  0.63160396
  0.88987204
  0.34825135
  0.76664404
  0.15824372
  0.51639815
  0.62692258
  0.71337094
  0.30565418
  0.26346522
  0.91515762
  0.61424853
  0.09255192
  0.62727015
  0.19126744
  0.77620925
  0.86403547
  0.33307430
  0.13459411
  0.76492274
  0.31777015
  0.25202379
  0.19984758
  0.06854319
  0.55136920
  0.40301728
  0.74970376
  0.48680377
  0.38398017
  0.06055622
  0.21287028
  0.54328832
  0.40994609
  0.90026495
  0.05568816
  0.44319403
  0.53815404
  0.13432165
  0.54110762
  0.85745446
  0.19805663
  0.15572415
  0.06140642
  0.66139399
  0.01864548
  0.29137741
  0.97432224
  0.76483231
  0.24370788
  0.68255986
  0.13785256
  0.62992322
  0.85708164
  0.89983669
  0.34863427
  0.48649025
  0.67989480
  0.70435482
  0.46104321
  0.36428657
  0.28031233
  0.07638378
  0.44483241
  0.16599800
  0.39877791
  0.92078229
  0.51162630
  0.91444530
  0.09209087
  0.99309642
  0.09665921
  0.31335909
  0.78541483
  0.60265570
  0.46597305
  0.29846774
  0.13359340
  0.29516937
  0.16667271
  0.31748115
  0.10990163
  0.83217503
  0.97163882
  0.21830368
  0.70632481
  0.03920527
  0.61659282
  0.66954546
  0.03737728
  0.00335590
  0.14254087
  0.86263814
  0.27624116
  0.53207534
  0.52224742
  0.56776522
  0.32651091
  0.40728929
  0.41015065
  0.97847897
  0.05327271
  0.39028331
  0.79447142
  0.59094943
  0.30865839
  0.90016054
  0.08535116
  0.31885628
  0.88294477
  0.65766169
  0.67991073
  0.46871108
  0.14198115
  0.94484885
  0.88486612
  0.44009201
  0.82980378
  0.32673385
  0.37074656
  0.79036637
  0.10264897
  0.94516309
 -0.00273662
  0.29448342
  0.04249245
  0.43496322
  0.78761439
  0.91224950
  0.52945751
  0.80035689
  0.56215645
  0.74795811
 -0.00592640
  0.46832463
  0.24591522
  0.29827888
  0.96646480
  0.20360153
  0.51262625
  0.21357989
  0.56071618
  0.99743885
  0.12957790
  0.95227738
  0.10740534
  0.17889784
  0.64046169
  0.12201645
  0.07496829
  0.65529275
  0.02556157
  0.98258754
  0.53931150
  0.36869306
  0.70629835
  0.94484472
  0.38287059
  0.69456246
  0.60249288
  0.77877898
  0.59190091
  0.37672571
  0.84882884
  0.22388288
  0.79673064
  0.99733155
  0.28153458
  0.70988679
  0.66575372
  0.41267907
  0.49870451
  0.95112242
  0.95299127
  0.73693922
  0.38157964
  0.03770630
  0.58453234
  0.56381355
  0.35402384
  0.88251570
  0.62429914
  0.62805169
  0.29573588
  0.07298355
  0.29370687
  0.23557349
  ----------
