%       error
%  0.00031512
%  parameters
 -0.00190289
 -0.00093584
  0.00993073
 -0.00329504
  0.00785568
 -0.00965806
 -0.01708490
 -0.00956685
  0.00024472
 -0.01390825
  0.00736950
  0.01641844
  0.00075143
 -0.00185724
 -0.02330795
  0.01010801
  0.02153894
  0.00897499
 -0.01654704
  0.01976597
  0.49963181
  0.97299685
  0.05219392
  0.55892229
  0.35476629
  0.59761775
  0.89484306
  0.88740205
  0.71573719
  0.87348295
  0.63798320
  0.97813860
  0.34535856
  0.31055362
  0.30723990
  0.47660207
  0.69218462
  0.24580097
  0.66653397
  0.95013369
  0.41277597
  0.67032370
  0.43149670
  0.05541331
  0.11133640
  0.97807506
  0.97201689
  0.24447856
  0.31027105
  0.36467187
  0.02622172
  0.00821685
  0.15801046
  0.91544368
  0.08121493
  0.36740941
  0.94676772
  0.31234666
  0.06169457
  0.87512536