%       error
%953.61689408
%  parameters
101.99736008
 36.04910569
 26.35186735
 -0.47976108
 -5.24012126
 82.65398631
 19.19665386
-79.58557023
 80.60998563
 91.93765299
 52.18141850
 18.64177149
 53.67434957
276.29353798
 30.50632693
 95.09198442
236.30108442
  2.40453823
 94.90879843
 34.81794908
 12.00976982
-15.70697322
 -6.25423159
 14.43168612
 -2.07333137
 30.76010940
-48.69740110
  5.15050926
 35.45921125
 16.25577547
 18.74440674
 14.27309531
-33.65433139
 12.75528459
-11.57618280
 18.44116878
 13.10801669
 12.50223681
 30.76029069
-20.18489905
 30.91179044
 16.30673536
127.28757404
 -3.56101238
 14.97151673
 19.99236791
 68.47525824
  8.20802871
 26.66188869
 16.86032905
 52.53245764
 16.56995242
 77.33025291
 44.34649403
 10.03329135
 54.37912490
 41.44969953
 -3.33863883
 27.43396909
 14.61586942